0.00	79.58
1.00	79.58
2.00	79.58
3.00	128.73
4.00	70.22
5.00	46.81
6.00	7.02
7.00	79.58
8.00	0.00
9.00	58.51
10.00	86.60
11.00	81.92
12.00	95.96
13.00	0.00
14.00	35.11
15.00	0.00
16.00	149.79
17.00	56.17
18.00	77.24
19.00	30.43
20.00	142.77
21.00	86.60
22.00	168.52
23.00	161.50
24.00	231.71
25.00	269.16
26.00	369.80
27.00	395.55
28.00	425.98
29.00	390.87
30.00	404.91
31.00	341.72
32.00	351.08
33.00	454.06
34.00	409.59
35.00	414.27
36.00	545.34
37.00	512.58
38.00	479.81
39.00	381.51
40.00	496.19
41.00	383.85
42.00	524.28
43.00	554.71
44.00	444.70
45.00	496.19
46.00	430.66
47.00	538.32
48.00	526.62
49.00	470.45
50.00	437.68
51.00	535.98
52.00	519.60
53.00	601.52
54.00	479.81
55.00	491.51
56.00	505.56
57.00	479.81
58.00	533.64
59.00	524.28
60.00	524.28
61.00	437.68
62.00	472.79
63.00	524.28
64.00	582.79
65.00	550.03
66.00	552.37
67.00	601.52
68.00	552.37
69.00	543.00
70.00	489.17
71.00	608.54
72.00	526.62
73.00	526.62
74.00	491.51
75.00	559.39
76.00	489.17
77.00	496.19
78.00	517.26
79.00	554.71
80.00	617.90
81.00	543.00
82.00	533.64
83.00	500.87
84.00	594.50
85.00	482.15
86.00	503.22
87.00	517.26
88.00	655.35
89.00	634.29
90.00	543.00
91.00	627.26
92.00	596.84
93.00	606.20
94.00	571.09
95.00	571.09
96.00	557.05
97.00	650.67
98.00	622.58
99.00	528.96
100.00	517.26
101.00	606.20
102.00	608.54
103.00	606.20
104.00	535.98
105.00	559.39
106.00	575.77
107.00	606.20
108.00	657.69
109.00	627.26
110.00	660.03
111.00	564.07
112.00	620.24
113.00	688.12
114.00	613.22
115.00	606.20
116.00	620.24
117.00	688.12
118.00	645.99
119.00	620.24
120.00	582.79
121.00	697.48
122.00	664.71
123.00	655.35
124.00	730.25
125.00	678.76
126.00	678.76
127.00	545.34
128.00	699.82
129.00	603.86
130.00	690.46
131.00	741.95
132.00	763.01
133.00	765.36
134.00	828.55
135.00	683.44
136.00	741.95
137.00	748.97
138.00	755.99
139.00	683.44
140.00	779.40
141.00	770.04
142.00	720.88
143.00	786.42
144.00	718.54
145.00	737.27
146.00	753.65
147.00	725.57
148.00	805.14
149.00	837.91
150.00	802.80
151.00	807.48
152.00	655.35
153.00	894.08
154.00	880.04
155.00	978.34
156.00	819.19
157.00	919.83
158.00	779.40
159.00	854.30
160.00	777.06
161.00	917.49
162.00	849.61
163.00	926.85
164.00	802.80
165.00	816.85
166.00	765.36
167.00	912.81
168.00	786.42
169.00	870.68
170.00	992.39
171.00	884.72
172.00	1036.86
173.00	868.34
174.00	1053.24
175.00	875.36
176.00	980.68
177.00	987.71
178.00	908.13
179.00	1020.47
180.00	947.92
181.00	1006.43
182.00	980.68
183.00	1011.11
184.00	1039.20
185.00	1011.11
186.00	985.37
187.00	994.73
188.00	1039.20
189.00	980.68
190.00	980.68
191.00	1029.84
192.00	1130.48
193.00	1123.46
194.00	1097.71
195.00	1039.20
196.00	1067.28
197.00	1121.12
198.00	959.62
199.00	1011.11
200.00	1086.01
201.00	1125.80
202.00	1151.54
203.00	1114.10
204.00	1193.67
205.00	1146.86
206.00	1104.73
207.00	1104.73
208.00	1137.50
209.00	1191.33
210.00	1111.75
211.00	1259.21
212.00	1214.74
213.00	1160.91
214.00	1210.06
215.00	1221.76
216.00	1287.29
217.00	1287.29
218.00	1294.32
219.00	1181.97
220.00	1273.25
221.00	1261.55
222.00	1275.59
223.00	1284.95
224.00	1334.11
225.00	1280.27
226.00	1329.42
227.00	1268.57
228.00	1289.64
229.00	1394.96
230.00	1355.17
231.00	1378.58
232.00	1476.88
233.00	1397.30
234.00	1451.13
235.00	1406.66
236.00	1359.85
237.00	1444.11
238.00	1446.45
239.00	1427.73
240.00	1455.81
241.00	1451.13
242.00	1533.05
243.00	1500.28
244.00	1516.67
245.00	1523.69
246.00	1462.83
247.00	1535.39
248.00	1607.95
249.00	1589.22
250.00	1542.41
251.00	1551.78
252.00	1612.63
253.00	1689.87
254.00	1607.95
255.00	1668.80
256.00	1654.76
257.00	1533.05
258.00	1701.57
259.00	1767.10
260.00	1696.89
261.00	1701.57
262.00	1720.29
263.00	1860.73
264.00	1757.74
265.00	1692.21
266.00	1781.15
267.00	1795.19
268.00	1795.19
269.00	1802.21
270.00	1776.47
271.00	1844.34
272.00	1907.54
273.00	1926.26
274.00	1818.60
275.00	1856.04
276.00	1818.60
277.00	1853.70
278.00	1842.00
279.00	1926.26
280.00	2019.88
281.00	2026.90
282.00	1905.20
283.00	1914.56
284.00	1937.96
285.00	1961.37
286.00	1949.67
287.00	1898.17
288.00	1905.20
289.00	1900.52
290.00	2132.23
291.00	2031.58
292.00	2111.16
293.00	2083.08
294.00	1994.14
295.00	2083.08
296.00	2010.52
297.00	2132.23
298.00	2169.68
299.00	2108.82
300.00	2003.50
301.00	2190.74
302.00	1994.14
303.00	2036.27
304.00	2083.08
305.00	2165.00
306.00	2141.59
307.00	2125.21
308.00	2092.44
309.00	2216.49
310.00	2197.76
311.00	2186.06
312.00	2230.53
313.00	2143.93
314.00	2122.87
315.00	2143.93
316.00	2181.38
317.00	2127.55
318.00	2275.00
319.00	2263.30
320.00	2214.15
321.00	2321.81
322.00	2239.89
323.00	2160.31
324.00	2324.15
325.00	2167.34
326.00	2272.66
327.00	2258.62
328.00	2450.54
329.00	2377.98
330.00	2368.62
331.00	2218.83
332.00	2260.96
333.00	2270.32
334.00	2349.90
335.00	2455.22
336.00	2434.16
337.00	2480.97
338.00	2394.37
339.00	2389.69
340.00	2473.95
341.00	2565.23
342.00	2605.02
343.00	2436.50
344.00	2597.99
345.00	2560.55
346.00	2647.15
347.00	2658.85
348.00	2527.78
349.00	2560.55
350.00	2565.23
351.00	2616.72
352.00	2485.65
353.00	2548.84
354.00	2722.04
355.00	2562.89
356.00	2708.00
357.00	2544.16
358.00	2682.25
359.00	2738.43
360.00	2691.62
361.00	2820.35
362.00	2715.02
363.00	2757.15
364.00	2565.23
365.00	2656.51
366.00	2759.49
367.00	2885.88
368.00	2839.07
369.00	3009.93
370.00	2647.15
371.00	2815.66
372.00	2778.22
373.00	2787.58
374.00	2897.58
375.00	2876.52
376.00	2918.65
377.00	2913.97
378.00	2808.64
379.00	2963.12
380.00	3012.27
381.00	2935.03
382.00	2953.76
383.00	2878.86
384.00	3038.02
385.00	3087.17
386.00	3030.99
387.00	3243.98
388.00	3178.45
389.00	3150.36
390.00	3138.66
391.00	3227.60
392.00	3166.74
393.00	3302.50
394.00	3302.50
395.00	3368.03
396.00	3272.07
397.00	3466.33
398.00	3499.10
399.00	3318.88
400.00	3321.22
401.00	3311.86
402.00	3363.35
403.00	3403.14
404.00	3438.25
405.00	3555.27
406.00	3569.32
407.00	3524.85
408.00	3389.10
409.00	3269.73
410.00	3496.76
411.00	3501.44
412.00	3485.06
413.00	3424.20
414.00	3541.23
415.00	3578.68
416.00	3515.48
417.00	3581.02
418.00	3613.79
419.00	3557.61
420.00	3559.95
421.00	3684.00
422.00	3655.92
423.00	3487.40
424.00	3660.60
425.00	3571.66
426.00	3655.92
427.00	3817.41
428.00	3660.60
429.00	3639.53
430.00	3728.47
431.00	3716.77
432.00	3618.47
433.00	3660.60
434.00	3655.92
435.00	3817.41
436.00	3620.81
437.00	3901.67
438.00	3798.69
439.00	3698.05
440.00	3838.48
441.00	3955.51
442.00	3936.78
443.00	3941.46
444.00	3948.48
445.00	3927.42
446.00	3868.91
447.00	3861.88
448.00	3943.80
449.00	3889.97
450.00	3904.01
451.00	3927.42
452.00	4009.34
453.00	4058.49
454.00	3934.44
455.00	3974.23
456.00	4079.55
457.00	4248.07
458.00	4273.82
459.00	3894.65
460.00	3988.27
461.00	4067.85
462.00	4032.74
463.00	4112.32
464.00	4102.96
465.00	4210.62
466.00	4351.06
467.00	4210.62
468.00	4346.37
469.00	4238.71
470.00	4292.54
471.00	4236.37
472.00	4262.12
473.00	4257.43
474.00	4414.25
475.00	4461.06
476.00	4388.50
477.00	4432.97
478.00	4341.69
479.00	4489.15
480.00	4582.77
481.00	4531.28
482.00	4627.24
483.00	4692.77
484.00	4402.55
485.00	4767.67
486.00	4758.31
487.00	4573.41
488.00	4727.88
489.00	4681.07
490.00	4849.59
491.00	4521.92
492.00	4830.87
493.00	4828.53
494.00	4849.59
495.00	4784.06
496.00	4826.18
497.00	4849.59
498.00	4887.04
499.00	4765.33
500.00	4784.06
501.00	4980.66
502.00	4856.61
503.00	5029.81
504.00	4945.55
505.00	4997.04
506.00	4905.76
507.00	5032.15
508.00	5139.82
509.00	5029.81
510.00	5062.58
511.00	5078.96
512.00	5097.69
513.00	5214.71
514.00	5179.61
515.00	5156.20
516.00	5078.96
517.00	5160.88
518.00	5132.79
519.00	5191.31
520.00	5235.78
521.00	5170.24
522.00	5100.03
523.00	5102.37
524.00	5385.57
525.00	5305.99
526.00	5252.16
527.00	5188.97
528.00	5504.94
529.00	5343.44
530.00	5383.23
531.00	5427.70
532.00	5390.25
533.00	5418.34
534.00	5631.33
535.00	5521.32
536.00	5645.37
537.00	5511.96
538.00	5490.90
539.00	5451.11
540.00	5582.18
541.00	5575.16
542.00	5556.43
543.00	5432.38
544.00	5605.58
545.00	5731.97
546.00	5589.20
547.00	5511.96
548.00	5755.38
549.00	5792.83
550.00	5694.52
551.00	5769.42
552.00	5743.67
553.00	5664.10
554.00	5956.66
555.00	5886.45
556.00	6040.92
557.00	5858.36
558.00	6015.18
559.00	6143.91
560.00	6228.17
561.00	6129.86
562.00	5984.75
563.00	5970.71
564.00	6143.91
565.00	6216.46
566.00	6265.61
567.00	6401.37
568.00	6253.91
569.00	6401.37
570.00	6274.98
571.00	6478.60
572.00	6602.65
573.00	6171.99
574.00	6340.51
575.00	6590.95
576.00	6583.93
577.00	6656.48
578.00	6803.94
579.00	6808.62
580.00	6712.66
581.00	6759.47
582.00	6923.30
583.00	6953.73
584.00	6890.54
585.00	7012.24
586.00	7213.53
587.00	7403.11
588.00	7124.59
589.00	7005.22
590.00	7204.17
591.00	7213.53
592.00	7342.26
593.00	7410.14
594.00	7499.08
595.00	7501.42
596.00	7606.74
597.00	7852.50
598.00	7918.03
599.00	7775.26
600.00	7906.33
601.00	7829.09
602.00	7726.11
603.00	8166.13
604.00	7798.66
605.00	8320.60
606.00	8241.03
607.00	8339.33
608.00	8173.15
609.00	8360.39
610.00	8271.45
611.00	8292.52
612.00	8271.45
613.00	8526.57
614.00	8882.33
615.00	8870.63
616.00	8828.50
617.00	8631.90
618.00	8781.69
619.00	8931.48
620.00	8943.19
621.00	9151.49
622.00	9240.44
623.00	9315.33
624.00	9495.55
625.00	9427.68
626.00	9348.10
627.00	9378.53
628.00	9591.52
629.00	9650.03
630.00	9884.08
631.00	9947.28
632.00	9731.95
633.00	9715.56
634.00	10047.92
635.00	10317.08
636.00	10221.12
637.00	10401.34
638.00	10157.92
639.00	10518.37
640.00	10476.24
641.00	10429.43
642.00	10801.57
643.00	10576.88
644.00	10745.40
645.00	10841.36
646.00	10572.20
647.00	10881.15
648.00	11201.80
649.00	10984.13
650.00	11316.49
651.00	11501.39
652.00	11410.11
653.00	11407.77
654.00	11552.88
655.00	11815.02
656.00	11569.27
657.00	11770.55
658.00	11875.88
659.00	11819.71
660.00	12013.97
661.00	12002.27
662.00	12004.61
663.00	12105.25
664.00	12100.57
665.00	12126.32
666.00	12287.81
667.00	12496.12
668.00	12510.16
669.00	12491.44
670.00	12779.32
671.00	12608.47
672.00	12608.47
673.00	12793.37
674.00	12980.61
675.00	13099.98
676.00	13088.28
677.00	13069.55
678.00	13249.77
679.00	13296.58
680.00	13397.23
681.00	13516.59
682.00	13554.04
683.00	13610.22
684.00	13537.66
685.00	13699.16
686.00	13944.91
687.00	13935.55
688.00	14125.13
689.00	14097.05
690.00	14277.27
691.00	14398.98
692.00	14340.46
693.00	14487.92
694.00	14457.49
695.00	14801.55
696.00	14633.03
697.00	14853.04
698.00	14626.01
699.00	14979.43
700.00	14972.41
701.00	14958.36
702.00	15077.73
703.00	15119.86
704.00	15197.10
705.00	15477.96
706.00	15674.57
707.00	15609.03
708.00	15824.36
709.00	15730.74
710.00	15875.85
711.00	15857.13
712.00	15957.77
713.00	16046.71
714.00	16255.02
715.00	16446.94
716.00	16224.59
717.00	16142.67
718.00	16629.51
719.00	16322.90
720.00	16519.50
721.00	16240.98
722.00	16072.46
723.00	16194.17
724.00	16535.88
725.00	16570.99
726.00	16690.36
727.00	16992.29
728.00	17025.06
729.00	17109.32
730.00	17287.20
731.00	16882.28
732.00	17228.68
733.00	16957.18
734.00	17006.33
735.00	17137.40
736.00	17252.09
737.00	17188.89
738.00	17523.59
739.00	17640.62
740.00	17689.77
741.00	17795.09
742.00	17549.34
743.00	17689.77
744.00	17645.30
745.00	17720.20
746.00	17893.40
747.00	18162.56
748.00	18293.63
749.00	18169.58
750.00	18005.74
751.00	18300.65
752.00	18340.44
753.00	18740.67
754.00	18534.70
755.00	18321.71
756.00	18565.13
757.00	18738.33
758.00	18520.66
759.00	18654.07
760.00	18548.75
761.00	18625.98
762.00	19063.66
763.00	18984.09
764.00	18986.43
765.00	19295.38
766.00	19372.61
767.00	19328.14
768.00	19506.02
769.00	19414.74
770.00	19704.97
771.00	19651.14
772.00	19531.77
773.00	19967.11
774.00	19894.55
775.00	19749.44
776.00	19814.98
777.00	19683.91
778.00	19988.18
779.00	20149.67
780.00	20266.70
781.00	20444.58
782.00	20407.13
783.00	20479.69
784.00	20978.22
785.00	20493.73
786.00	20580.33
787.00	20844.81
788.00	21163.12
789.00	20975.88
790.00	21062.48
791.00	20999.29
792.00	21238.02
793.00	20985.24
794.00	21193.55
795.00	21249.72
796.00	21256.75
797.00	21322.28
798.00	21252.06
799.00	21525.91
800.00	21556.33
801.00	21415.90
802.00	21649.96
803.00	21785.71
804.00	21673.36
805.00	22230.41
806.00	22527.66
807.00	22469.14
808.00	21905.07
809.00	22129.77
810.00	22073.59
811.00	22286.58
812.00	22085.30
813.00	22230.41
814.00	22307.65
815.00	22487.87
816.00	22665.75
817.00	23070.66
818.00	22892.78
819.00	22672.77
820.00	22735.96
821.00	22518.29
822.00	23122.15
823.00	23044.91
824.00	23159.60
825.00	23091.73
826.00	23295.35
827.00	23199.39
828.00	23241.52
829.00	23342.16
830.00	23522.38
831.00	24116.88
832.00	23562.17
833.00	23864.10
834.00	23676.86
835.00	23798.57
836.00	23686.22
837.00	23950.70
838.00	23824.31
839.00	24011.56
840.00	23747.08
841.00	24151.99
842.00	24133.26
843.00	24030.28
844.00	24343.91
845.00	24549.88
846.00	24634.14
847.00	24634.14
848.00	24662.22
849.00	24519.45
850.00	24884.58
851.00	24563.92
852.00	24854.15
853.00	24783.93
854.00	25177.14
855.00	25200.55
856.00	25193.53
857.00	24947.77
858.00	25191.19
859.00	25734.19
860.00	25184.16
861.00	25226.29
862.00	25429.92
863.00	25502.48
864.00	25860.58
865.00	25448.64
866.00	25811.43
867.00	25516.52
868.00	25373.75
869.00	25427.58
870.00	26054.84
871.00	25642.91
872.00	25750.57
873.00	25577.37
874.00	25923.77
875.00	25832.49
876.00	26038.46
877.00	25993.99
878.00	26429.33
879.00	26223.36
880.00	26176.55
881.00	26162.51
882.00	26270.17
883.00	26466.78
884.00	26602.53
885.00	26223.36
886.00	26529.97
887.00	26628.27
888.00	26768.71
889.00	26607.21
890.00	26815.52
891.00	26522.95
892.00	26824.88
893.00	26941.91
894.00	26635.30
895.00	26815.52
896.00	26934.88
897.00	27257.88
898.00	26782.75
899.00	27204.05
900.00	27206.39
901.00	27276.60
902.00	27239.15
903.00	27332.78
904.00	27424.06
905.00	27957.70
906.00	27754.07
907.00	27777.48
908.00	27498.95
909.00	27510.66
910.00	30607.19
911.00	27683.86
912.00	27913.23
913.00	27864.08
914.00	27520.02
915.00	27531.72
916.00	28013.87
917.00	27878.12
918.00	27735.35
919.00	28355.59
920.00	27885.14
921.00	27838.33
922.00	28060.68
923.00	28004.51
924.00	27955.36
925.00	27995.15
926.00	27927.27
927.00	28297.08
928.00	28353.25
929.00	28121.54
930.00	28746.46
931.00	28617.73
932.00	28245.58
933.00	28643.48
934.00	28793.27
935.00	28357.93
936.00	28893.91
937.00	29029.66
938.00	28793.27
939.00	28669.22
940.00	28692.63
941.00	29057.75
942.00	28425.81
943.00	28964.13
944.00	29373.72
945.00	28957.11
946.00	28744.12
947.00	29465.00
948.00	28748.80
949.00	29474.37
950.00	29151.37
951.00	29701.40
952.00	29724.80
953.00	29097.54
954.00	29422.87
955.00	29633.52
956.00	29546.92
957.00	29359.68
958.00	29240.31
959.00	29876.94
960.00	29722.46
961.00	29315.21
962.00	29280.10
963.00	29874.60
964.00	30017.37
965.00	30202.27
966.00	29993.97
967.00	30808.47
968.00	30855.28
969.00	30705.49
970.00	30361.43
971.00	30473.78
972.00	30555.69
973.00	30178.87
974.00	30637.61
975.00	30469.09
976.00	30815.49
977.00	30487.82
978.00	30789.75
979.00	30473.78
980.00	30740.60
981.00	30742.94
982.00	31325.73
983.00	31019.12
984.00	30974.65
985.00	31087.00
986.00	30827.20
987.00	30869.33
988.00	30941.88
989.00	31201.68
990.00	30869.33
991.00	31580.85
992.00	30677.40
993.00	31175.94
994.00	30967.63
995.00	31828.95
996.00	31351.48
997.00	31693.19
998.00	31742.35
999.00	31620.64
1000.00	31571.49
1001.00	32158.96
1002.00	31913.20
1003.00	31571.49
1004.00	31496.59
1005.00	32002.14
1006.00	31936.61
1007.00	32203.43
1008.00	31655.75
1009.00	32041.93
1010.00	31927.25
1011.00	32231.52
1012.00	32058.32
1013.00	32086.40
1014.00	31885.12
1015.00	32231.52
1016.00	32348.54
1017.00	32582.60
1018.00	32493.66
1019.00	32418.76
1020.00	32620.05
1021.00	32620.05
1022.00	32737.07
1023.00	32505.36
1024.00	32540.47
1025.00	32994.53
1026.00	33186.46
1027.00	32921.98
1028.00	33034.32
1029.00	32830.69
1030.00	32697.28
1031.00	32645.79
1032.00	33914.36
1033.00	33493.07
1034.00	33741.16
1035.00	33415.83
1036.00	33291.78
1037.00	33479.02
1038.00	33427.53
1039.00	33397.10
1040.00	33780.95
1041.00	33284.76
1042.00	33432.21
1043.00	33291.78
1044.00	33717.76
1045.00	33823.08
1046.00	34274.80
1047.00	34007.98
1048.00	33670.95
1049.00	33963.51
1050.00	33446.26
1051.00	34410.56
1052.00	33860.53
1053.00	33851.17
1054.00	33940.11
1055.00	34120.33
1056.00	33841.81
1057.00	34382.47
1058.00	34359.06
1059.00	34265.44
1060.00	34831.85
1061.00	34274.80
1062.00	34513.54
1063.00	34948.88
1064.00	34515.88
1065.00	34134.37
1066.00	34394.17
1067.00	35145.48
1068.00	34660.99
1069.00	34794.40
1070.00	34600.14
1071.00	34747.59
1072.00	34705.46
1073.00	35239.11
1074.00	34766.32
1075.00	34939.52
1076.00	35218.04
1077.00	35269.53
1078.00	35424.01
1079.00	35028.46
1080.00	35529.33
1081.00	35012.07
1082.00	35386.56
1083.00	35360.81
1084.00	35026.12
1085.00	35328.05
1086.00	35468.48
1087.00	35421.67
1088.00	35803.17
1089.00	35489.54
1090.00	35686.15
1091.00	35402.94
1092.00	35140.80
1093.00	35599.55
1094.00	35534.01
1095.00	35599.55
1096.00	35845.30
1097.00	35494.22
1098.00	35707.21
1099.00	36182.34
1100.00	35917.86
1101.00	36180.00
1102.00	35615.93
1103.00	35784.45
1104.00	35615.93
1105.00	36194.04
1106.00	36233.83
1107.00	35945.95
1108.00	36065.31
1109.00	36009.14
1110.00	36027.87
1111.00	36301.71
1112.00	35983.40
1113.00	36524.06
1114.00	36350.86
1115.00	36222.13
1116.00	36334.48
1117.00	37090.47
1118.00	36460.87
1119.00	36617.68
1120.00	36194.04
1121.00	36395.33
1122.00	36058.29
1123.00	36226.81
1124.00	36070.00
1125.00	36463.21
1126.00	36011.48
1127.00	36580.23
1128.00	36371.92
1129.00	36423.42
1130.00	36236.17
1131.00	36123.83
1132.00	36601.30
1133.00	37104.51
1134.00	36692.58
1135.00	36737.05
1136.00	36524.06
1137.00	36589.59
1138.00	36725.35
1139.00	36444.48
1140.00	37125.58
1141.00	37046.00
1142.00	36957.06
1143.00	36818.97
1144.00	37062.38
1145.00	37212.18
1146.00	36737.05
1147.00	37123.24
1148.00	36570.87
1149.00	36596.62
1150.00	36924.29
1151.00	36802.58
1152.00	36465.55
1153.00	37226.22
1154.00	37139.62
1155.00	36694.92
1156.00	36938.33
1157.00	37118.56
1158.00	37132.60
1159.00	36935.99
1160.00	37167.71
1161.00	37240.26
1162.00	36828.33
1163.00	37076.43
1164.00	36657.47
1165.00	36711.30
1166.00	36811.95
1167.00	36879.82
1168.00	37308.14
1169.00	37408.78
1170.00	37102.17
1171.00	36994.51
1172.00	37514.11
1173.00	37160.69
1174.00	37022.59
1175.00	36938.33
1176.00	37420.48
1177.00	37156.00
1178.00	37350.27
1179.00	37282.39
1180.00	36989.83
1181.00	37563.26
1182.00	37280.05
1183.00	37734.12
1184.00	37532.83
1185.00	37450.91
1186.00	37558.58
1187.00	37326.86
1188.00	37535.17
1189.00	37441.55
1190.00	37645.18
1191.00	37343.25
1192.00	37748.16
1193.00	37153.66
1194.00	37392.40
1195.00	36858.76
1196.00	37612.41
1197.00	37525.81
1198.00	36797.90
1199.00	37270.69
1200.00	37104.51
1201.00	37036.64
1202.00	37317.50
1203.00	36877.48
1204.00	37195.79
1205.00	37186.43
1206.00	37614.75
1207.00	37493.04
1208.00	37780.93
1209.00	38073.49
1210.00	38047.75
1211.00	38005.62
1212.00	38080.52
1213.00	37933.06
1214.00	37872.21
1215.00	37441.55
1216.00	37495.38
1217.00	37574.96
1218.00	37614.75
1219.00	37666.24
1220.00	37244.94
1221.00	37904.98
1222.00	37179.41
1223.00	37729.44
1224.00	37792.63
1225.00	37851.14
1226.00	37839.44
1227.00	38026.68
1228.00	38029.02
1229.00	37633.47
1230.00	37844.12
1231.00	37975.19
1232.00	37897.95
1233.00	37216.86
1234.00	37830.08
1235.00	37490.70
1236.00	37729.44
1237.00	38014.98
1238.00	37406.44
1239.00	37813.70
1240.00	37483.68
1241.00	37942.42
1242.00	37682.62
1243.00	38089.88
1244.00	37806.67
1245.00	37642.84
1246.00	37659.22
1247.00	38202.22
1248.00	38082.86
1249.00	38508.83
1250.00	38422.23
1251.00	38426.92
1252.00	38820.13
1253.00	38642.24
1254.00	38813.10
1255.00	38724.16
1256.00	38487.77
1257.00	39054.18
1258.00	39213.34
1259.00	38815.44
1260.00	38307.55
1261.00	38986.30
1262.00	39065.88
1263.00	39267.17
1264.00	39164.18
1265.00	38534.58
1266.00	38504.15
1267.00	38141.37
1268.00	39009.71
1269.00	39377.17
1270.00	39405.26
1271.00	38787.36
1272.00	39281.21
1273.00	39955.29
1274.00	39323.34
1275.00	39402.92
1276.00	39154.82
1277.00	39445.05
1278.00	39356.11
1279.00	39597.18
1280.00	39145.46
1281.00	38667.99
1282.00	38979.28
1283.00	38630.54
1284.00	38511.17
1285.00	38572.03
1286.00	39119.71
1287.00	38937.15
1288.00	38834.17
1289.00	39203.97
1290.00	39695.49
1291.00	39152.48
1292.00	39232.06
1293.00	39641.65
1294.00	39360.79
1295.00	39409.94
1296.00	40107.42
1297.00	39964.65
1298.00	39220.36
1299.00	39618.25
1300.00	39889.75
1301.00	39889.75
1302.00	39679.10
1303.00	39498.88
1304.00	39035.45
1305.00	39189.93
1306.00	39225.04
1307.00	39023.75
1308.00	39026.09
1309.00	39171.21
1310.00	39325.68
1311.00	39714.21
1312.00	39662.72
1313.00	40109.76
1314.00	40062.95
1315.00	40835.33
1316.00	40793.20
1317.00	41223.86
1318.00	40758.09
1319.00	40760.43
1320.00	40222.11
1321.00	40587.23
1322.00	40481.91
1323.00	40102.74
1324.00	39718.89
1325.00	40025.50
1326.00	39648.68
1327.00	39632.29
1328.00	39849.96
1329.00	39374.83
1330.00	39983.37
1331.00	40203.38
1332.00	40259.55
1333.00	40353.18
1334.00	40580.21
1335.00	40746.39
1336.00	40472.54
1337.00	40449.14
1338.00	40715.96
1339.00	40631.70
1340.00	40643.40
1341.00	40687.87
1342.00	40814.26
1343.00	40184.66
1344.00	40917.25
1345.00	40416.37
1346.00	40219.77
1347.00	39580.80
1348.00	40236.15
1349.00	40039.54
1350.00	40549.78
1351.00	40086.36
1352.00	39966.99
1353.00	39903.79
1354.00	40175.30
1355.00	40252.53
1356.00	40617.66
1357.00	40404.67
1358.00	40659.79
1359.00	40589.57
1360.00	40978.10
1361.00	40533.40
1362.00	40800.22
1363.00	40673.83
1364.00	40690.21
1365.00	39945.92
1366.00	40320.41
1367.00	40671.49
1368.00	40360.20
1369.00	40456.16
1370.00	40374.24
1371.00	40376.58
1372.00	40210.40
1373.00	40322.75
1374.00	40006.78
1375.00	39950.60
1376.00	40294.66
1377.00	41081.08
1378.00	40659.79
1379.00	41071.72
1380.00	40612.98
1381.00	41060.02
1382.00	41116.19
1383.00	40982.78
1384.00	40552.12
1385.00	40184.66
1386.00	40315.73
1387.00	40318.07
1388.00	40385.94
1389.00	39878.05
1390.00	40182.32
1391.00	40884.48
1392.00	40435.10
1393.00	40416.37
1394.00	40210.40
1395.00	40407.01
1396.00	40109.76
1397.00	40226.79
1398.00	40320.41
1399.00	40652.76
1400.00	40942.99
1401.00	40451.48
1402.00	40247.85
1403.00	40580.21
1404.00	40493.61
1405.00	40547.44
1406.00	40250.19
1407.00	39407.60
1408.00	40575.53
1409.00	40074.65
1410.00	39948.26
1411.00	40299.34
1412.00	40191.68
1413.00	40311.05
1414.00	40903.20
1415.00	40463.18
1416.00	40135.51
1417.00	40217.43
1418.00	40364.88
1419.00	40535.74
1420.00	40657.45
1421.00	40481.91
1422.00	40935.97
1423.00	40624.68
1424.00	40219.77
1425.00	40357.86
1426.00	40062.95
1427.00	39742.30
1428.00	40039.54
1429.00	39580.80
1430.00	39936.56
1431.00	40233.81
1432.00	40123.80
1433.00	40517.01
1434.00	40158.91
1435.00	40376.58
1436.00	40271.26
1437.00	40027.84
1438.00	40144.87
1439.00	40533.40
1440.00	40102.74
1441.00	40086.36
1442.00	40233.81
1443.00	40332.11
1444.00	39573.78
1445.00	39693.15
1446.00	39775.06
1447.00	39819.53
1448.00	39791.45
1449.00	39438.03
1450.00	39585.48
1451.00	40079.33
1452.00	39564.42
1453.00	40165.93
1454.00	39887.41
1455.00	40273.60
1456.00	39856.98
1457.00	40011.46
1458.00	40416.37
1459.00	40942.99
1460.00	40168.27
1461.00	40023.16
1462.00	39805.49
1463.00	39351.43
1464.00	39423.98
1465.00	40095.72
1466.00	39592.50
1467.00	39604.20
1468.00	39681.44
1469.00	39641.65
1470.00	39845.28
1471.00	39330.36
1472.00	39358.45
1473.00	39655.70
1474.00	39449.73
1475.00	39566.76
1476.00	39728.25
1477.00	39339.72
1478.00	39541.01
1479.00	39758.68
1480.00	39966.99
1481.00	39428.66
1482.00	39744.64
1483.00	40584.89
1484.00	39487.18
1485.00	39431.01
1486.00	39388.88
1487.00	39627.61
1488.00	39536.33
1489.00	39550.37
1490.00	39316.32
1491.00	38983.96
1492.00	39306.96
1493.00	39152.48
1494.00	39194.61
1495.00	39438.03
1496.00	39325.68
1497.00	39042.48
1498.00	39229.72
1499.00	39047.16
1500.00	39044.82
1501.00	39185.25
1502.00	39564.42
1503.00	38649.27
1504.00	39051.84
1505.00	38986.30
1506.00	39281.21
1507.00	39454.41
1508.00	39072.90
1509.00	39166.52
1510.00	39501.22
1511.00	39203.97
1512.00	38796.72
1513.00	38820.13
1514.00	38443.30
1515.00	38480.75
1516.00	38574.37
1517.00	38075.84
1518.00	38579.05
1519.00	38742.89
1520.00	38792.04
1521.00	38497.13
1522.00	38733.53
1523.00	38611.82
1524.00	39119.71
1525.00	38469.04
1526.00	38785.02
1527.00	38979.28
1528.00	39086.95
1529.00	39131.42
1530.00	39129.08
1531.00	38939.49
1532.00	38698.42
1533.00	38916.09
1534.00	38930.13
1535.00	38873.96
1536.00	39152.48
1537.00	38939.49
1538.00	38958.22
1539.00	38960.56
1540.00	38618.84
1541.00	38822.47
1542.00	38541.60
1543.00	38880.98
1544.00	38572.03
1545.00	38176.48
1546.00	38085.20
1547.00	38452.66
1548.00	38218.61
1549.00	39086.95
1550.00	39035.45
1551.00	38735.87
1552.00	39061.20
1553.00	39194.61
1554.00	38857.57
1555.00	39051.84
1556.00	39070.56
1557.00	39147.80
1558.00	39040.14
1559.00	38796.72
1560.00	38712.46
1561.00	38527.56
1562.00	38803.74
1563.00	38337.98
1564.00	38485.43
1565.00	38464.36
1566.00	38335.63
1567.00	38281.80
1568.00	38455.00
1569.00	38253.72
1570.00	37961.15
1571.00	37961.15
1572.00	37776.25
1573.00	37621.77
1574.00	37937.74
1575.00	38043.07
1576.00	38389.47
1577.00	38649.27
1578.00	38148.39
1579.00	38553.30
1580.00	38574.37
1581.00	38574.37
1582.00	38213.93
1583.00	38260.74
1584.00	38443.30
1585.00	38780.34
1586.00	38337.98
1587.00	38213.93
1588.00	37860.51
1589.00	37984.55
1590.00	37975.19
1591.00	38057.11
1592.00	37495.38
1593.00	37603.05
1594.00	37598.37
1595.00	37439.21
1596.00	37422.83
1597.00	37862.85
1598.00	37535.17
1599.00	36903.23
1600.00	37324.52
1601.00	37380.70
1602.00	37352.61
1603.00	37380.70
1604.00	37343.25
1605.00	37132.60
1606.00	37415.80
1607.00	37432.19
1608.00	37462.61
1609.00	37303.46
1610.00	37729.44
1611.00	37579.64
1612.00	37804.33
1613.00	37455.59
1614.00	37584.32
1615.00	37816.04
1616.00	37851.14
1617.00	37656.88
1618.00	38174.14
1619.00	38197.54
1620.00	37551.56
1621.00	38335.63
1622.00	37677.94
1623.00	37418.14
1624.00	37165.37
1625.00	37207.50
1626.00	37853.48
1627.00	37319.84
1628.00	37085.79
1629.00	37741.14
1630.00	37624.11
1631.00	37958.81
1632.00	37862.85
1633.00	38171.80
1634.00	37345.59
1635.00	37493.04
1636.00	37207.50
1637.00	37420.48
1638.00	37240.26
1639.00	36973.44
1640.00	37280.05
1641.00	37116.22
1642.00	37591.34
1643.00	37769.22
1644.00	37691.99
1645.00	37223.88
1646.00	37596.03
1647.00	37790.29
1648.00	37263.67
1649.00	37294.10
1650.00	37549.21
1651.00	37404.10
1652.00	37092.81
1653.00	37488.36
1654.00	37223.88
1655.00	37439.21
1656.00	36957.06
1657.00	36924.29
1658.00	36933.65
1659.00	36793.22
1660.00	36650.45
1661.00	37144.30
1662.00	36739.39
1663.00	36591.94
1664.00	36708.96
1665.00	36886.84
1666.00	36921.95
1667.00	36919.61
1668.00	36900.89
1669.00	36943.02
1670.00	37022.59
1671.00	36823.65
1672.00	37081.11
1673.00	36685.56
1674.00	36863.44
1675.00	36751.09
1676.00	37471.98
1677.00	37071.75
1678.00	37235.58
1679.00	36596.62
1680.00	37165.37
1681.00	36957.06
1682.00	36645.77
1683.00	36727.69
1684.00	36215.11
1685.00	36266.60
1686.00	36847.05
1687.00	36168.30
1688.00	36498.31
1689.00	36184.68
1690.00	36156.60
1691.00	36425.76
1692.00	36629.38
1693.00	36587.25
1694.00	36542.78
1695.00	36671.51
1696.00	36236.17
1697.00	36226.81
1698.00	36109.78
1699.00	36292.35
1700.00	35786.79
1701.00	35927.22
1702.00	36058.29
1703.00	35906.16
1704.00	36495.97
1705.00	36004.46
1706.00	36093.40
1707.00	36091.06
1708.00	36161.28
1709.00	35789.13
1710.00	35543.38
1711.00	35323.36
1712.00	35339.75
1713.00	35672.10
1714.00	35424.01
1715.00	35711.89
1716.00	35662.74
1717.00	35475.50
1718.00	35880.41
1719.00	35941.27
1720.00	35573.80
1721.00	35323.36
1722.00	35363.15
1723.00	35564.44
1724.00	35096.33
1725.00	35051.86
1726.00	35512.95
1727.00	35292.94
1728.00	35304.64
1729.00	34976.97
1730.00	35065.91
1731.00	35178.25
1732.00	35285.92
1733.00	35255.49
1734.00	34471.41
1735.00	35157.19
1736.00	34983.99
1737.00	34787.38
1738.00	34792.06
1739.00	34639.93
1740.00	34583.76
1741.00	34611.84
1742.00	34677.38
1743.00	34522.90
1744.00	34433.96
1745.00	34504.18
1746.00	34122.67
1747.00	34499.50
1748.00	34368.43
1749.00	34375.45
1750.00	34504.18
1751.00	34471.41
1752.00	34670.36
1753.00	34202.25
1754.00	33944.79
1755.00	33546.90
1756.00	33532.86
1757.00	33708.40
1758.00	33731.80
1759.00	33120.92
1760.00	33715.42
1761.00	33675.63
1762.00	33509.45
1763.00	33677.97
1764.00	33106.88
1765.00	33223.90
1766.00	32982.83
1767.00	33219.22
1768.00	33359.66
1769.00	32868.14
1770.00	33254.33
1771.00	33628.82
1772.00	33057.73
1773.00	32940.70
1774.00	32957.08
1775.00	32830.69
1776.00	33013.26
1777.00	33116.24
1778.00	32856.44
1779.00	33022.62
1780.00	33132.62
1781.00	32898.57
1782.00	32926.66
1783.00	33074.11
1784.00	32711.33
1785.00	33031.98
1786.00	32776.86
1787.00	32936.02
1788.00	32531.11
1789.00	32325.14
1790.00	32290.03
1791.00	32205.77
1792.00	32254.92
1793.00	31819.58
1794.00	31765.75
1795.00	31803.20
1796.00	31971.72
1797.00	31793.84
1798.00	31838.31
1799.00	32142.58
1800.00	31508.29
1801.00	31152.53
1802.00	31276.58
1803.00	31477.86
1804.00	30951.24
1805.00	30862.30
1806.00	30939.54
1807.00	30965.29
1808.00	31152.53
1809.00	30506.54
1810.00	30305.26
1811.00	30707.83
1812.00	30843.58
1813.00	30405.90
1814.00	30518.25
1815.00	30302.92
1816.00	30312.28
1817.00	30096.95
1818.00	30185.89
1819.00	30099.29
1820.00	29879.28
1821.00	30000.99
1822.00	29963.54
1823.00	29673.31
1824.00	29759.91
1825.00	29848.85
1826.00	29905.02
1827.00	29865.24
1828.00	29830.13
1829.00	29642.88
1830.00	29933.11
1831.00	29067.11
1832.00	29598.41
1833.00	29322.23
1834.00	29469.69
1835.00	29261.38
1836.00	29575.01
1837.00	28608.37
1838.00	28746.46
1839.00	28629.43
1840.00	28676.24
1841.00	28617.73
1842.00	28606.03
1843.00	28510.07
1844.00	28294.74
1845.00	28222.18
1846.00	27976.42
1847.00	27623.00
1848.00	27974.08
1849.00	27725.99
1850.00	27669.81
1851.00	27538.74
1852.00	27742.37
1853.00	27639.39
1854.00	27407.67
1855.00	27513.00
1856.00	27475.55
1857.00	27461.51
1858.00	27435.76
1859.00	27421.72
1860.00	27047.23
1861.00	26932.54
1862.00	27007.44
1863.00	26717.22
1864.00	27080.00
1865.00	26298.26
1866.00	26508.91
1867.00	26338.05
1868.00	26696.15
1869.00	26295.92
1870.00	26078.25
1871.00	26284.22
1872.00	26338.05
1873.00	26155.49
1874.00	26057.18
1875.00	26216.34
1876.00	25881.64
1877.00	26155.49
1878.00	25825.47
1879.00	25734.19
1880.00	25539.93
1881.00	25458.01
1882.00	25443.96
1883.00	25738.87
1884.00	25523.54
1885.00	25631.21
1886.00	25404.17
1887.00	25427.58
1888.00	25153.74
1889.00	24744.14
1890.00	24907.98
1891.00	24566.26
1892.00	24629.46
1893.00	24046.66
1894.00	24364.98
1895.00	24011.56
1896.00	23800.91
1897.00	23967.09
1898.00	23702.61
1899.00	23866.44
1900.00	23747.08
1901.00	23939.00
1902.00	23421.74
1903.00	23758.78
1904.00	23557.49
1905.00	23330.46
1906.00	23187.69
1907.00	22607.23
1908.00	22817.88
1909.00	22981.72
1910.00	22885.76
1911.00	22754.69
1912.00	22742.99
1913.00	22754.69
1914.00	22824.90
1915.00	22555.74
1916.00	23002.78
1917.00	22808.52
1918.00	22855.33
1919.00	22513.61
1920.00	22462.12
1921.00	22031.46
1922.00	22024.44
1923.00	21944.86
1924.00	21755.28
1925.00	21551.65
1926.00	21558.67
1927.00	21713.15
1928.00	21488.46
1929.00	21717.83
1930.00	21734.21
1931.00	21640.59
1932.00	21675.70
1933.00	21755.28
1934.00	21701.45
1935.00	21303.56
1936.00	21200.57
1937.00	21158.44
1938.00	21018.01
1939.00	20739.49
1940.00	21181.85
1941.00	20915.03
1942.00	20856.51
1943.00	20648.21
1944.00	21092.91
1945.00	20936.09
1946.00	20376.70
1947.00	20095.84
1948.00	19878.17
1949.00	19962.43
1950.00	19932.00
1951.00	19637.09
1952.00	19473.26
1953.00	19421.77
1954.00	19396.02
1955.00	19529.43
1956.00	19410.06
1957.00	19445.17
1958.00	19026.21
1959.00	19087.07
1960.00	19143.24
1961.00	18972.38
1962.00	18948.98
1963.00	18855.36
1964.00	18726.63
1965.00	18457.46
1966.00	18476.19
1967.00	18700.88
1968.00	18597.90
1969.00	18511.30
1970.00	18710.24
1971.00	18391.93
1972.00	18298.31
1973.00	18200.01
1974.00	18302.99
1975.00	18082.98
1976.00	17832.54
1977.00	17933.18
1978.00	17458.06
1979.00	17275.49
1980.00	17214.64
1981.00	17219.32
1982.00	17394.86
1983.00	17231.02
1984.00	17057.82
1985.00	16968.88
1986.00	16982.93
1987.00	16879.94
1988.00	16463.33
1989.00	16545.25
1990.00	16524.18
1991.00	16718.45
1992.00	16332.26
1993.00	16559.29
1994.00	16456.31
1995.00	16489.07
1996.00	16166.08
1997.00	15985.86
1998.00	15906.28
1999.00	15824.36
2000.00	15503.71
2001.00	15501.37
2002.00	15871.17
2003.00	16231.62
2004.00	15885.22
2005.00	15646.48
2006.00	15587.97
2007.00	15669.89
2008.00	15616.05
2009.00	15644.14
2010.00	15281.36
2011.00	15199.44
2012.00	15482.64
2013.00	15019.22
2014.00	15267.31
2015.00	14443.45
2016.00	14726.65
2017.00	14946.66
2018.00	14883.47
2019.00	14504.30
2020.00	14501.96
2021.00	14398.98
2022.00	14384.93
2023.00	14190.67
2024.00	13980.02
2025.00	14195.35
2026.00	13884.06
2027.00	13902.78
2028.00	13762.35
2029.00	13664.05
2030.00	13853.63
2031.00	14026.83
2032.00	13851.29
2033.00	13507.23
2034.00	13755.33
2035.00	13387.86
2036.00	13107.00
2037.00	13329.35
2038.00	13114.02
2039.00	13324.67
2040.00	12915.08
2041.00	12842.52
2042.00	13137.43
2043.00	13074.23
2044.00	12950.18
2045.00	12971.25
2046.00	12784.01
2047.00	12631.87