0.00	754.59
1.00	754.59
2.00	754.59
3.00	674.82
4.00	653.20
5.00	667.15
6.00	644.26
7.00	645.47
8.00	630.63
9.00	632.97
10.00	636.86
11.00	642.62
12.00	636.11
13.00	639.39
14.00	631.24
15.00	654.65
16.00	659.09
17.00	653.57
18.00	663.68
19.00	667.85
20.00	680.77
21.00	688.63
22.00	714.99
23.00	727.02
24.00	1113.91
25.00	2168.37
26.00	2262.78
27.00	2294.57
28.00	2228.42
29.00	2158.82
30.00	2112.90
31.00	2096.51
32.00	2140.42
33.00	2195.14
34.00	2140.65
35.00	2092.81
36.00	2029.76
37.00	1984.35
38.00	2013.28
39.00	2049.47
40.00	2092.91
41.00	2094.40
42.00	2090.57
43.00	2056.82
44.00	2086.59
45.00	2185.12
46.00	2280.71
47.00	2351.49
48.00	2363.43
49.00	2373.44
50.00	2352.38
51.00	2341.61
52.00	2363.15
53.00	2407.19
54.00	2446.56
55.00	2516.54
56.00	2579.04
57.00	2659.50
58.00	2747.70
59.00	2807.29
60.00	2869.64
61.00	2812.15
62.00	2777.75
63.00	2678.60
64.00	2622.15
65.00	2513.55
66.00	2475.58
67.00	2426.71
68.00	2399.75
69.00	2420.72
70.00	2474.98
71.00	2584.05
72.00	2676.12
73.00	2699.71
74.00	2708.70
75.00	2693.39
76.00	2589.94
77.00	2516.78
78.00	2430.74
79.00	2339.74
80.00	2279.73
81.00	2198.84
82.00	2142.34
83.00	2089.54
84.00	2048.20
85.00	1984.03
86.00	1979.20
87.00	1978.03
88.00	1989.22
89.00	2039.92
90.00	2094.83
91.00	2217.05
92.00	2368.25
93.00	2477.55
94.00	2567.15
95.00	2584.51
96.00	2574.54
97.00	2525.72
98.00	2486.96
99.00	2425.45
100.00	2421.38
101.00	2451.85
102.00	2506.15
103.00	2569.02
104.00	2596.36
105.00	2545.80
106.00	2526.80
107.00	2513.45
108.00	2548.23
109.00	2574.64
110.00	2574.07
111.00	2547.44
112.00	2544.44
113.00	2535.17
114.00	2550.62
115.00	2624.77
116.00	2700.70
117.00	2819.60
118.00	2920.47
119.00	3003.94
120.00	3082.06
121.00	3074.90
122.00	3043.87
123.00	3057.16
124.00	3088.80
125.00	3157.99
126.00	3238.18
127.00	3301.89
128.00	3364.75
129.00	3331.94
130.00	3251.28
131.00	3146.48
132.00	3051.03
133.00	2913.73
134.00	2762.53
135.00	2542.24
136.00	2345.22
137.00	2105.73
138.00	1966.66
139.00	1951.35
140.00	2076.48
141.00	2257.45
142.00	2488.69
143.00	2718.11
144.00	2916.21
145.00	3078.65
146.00	3240.00
147.00	3351.04
148.00	3438.76
149.00	3472.18
150.00	3467.08
151.00	3358.58
152.00	3197.36
153.00	2977.44
154.00	2682.16
155.00	2455.83
156.00	2292.79
157.00	2269.76
158.00	2417.96
159.00	2687.31
160.00	2997.99
161.00	3339.99
162.00	3625.72
163.00	3864.60
164.00	3945.25
165.00	4062.66
166.00	4146.21
167.00	4282.90
168.00	4309.02
169.00	4394.78
170.00	4456.66
171.00	4432.60
172.00	4449.69
173.00	4472.20
174.00	4550.42
175.00	4510.17
176.00	4549.58
177.00	4596.39
178.00	4671.71
179.00	4748.10
180.00	4841.91
181.00	4816.73
182.00	4854.65
183.00	4892.42
184.00	4940.36
185.00	4954.96
186.00	4890.17
187.00	4847.58
188.00	4850.48
189.00	4760.42
190.00	4695.96
191.00	4784.06
192.00	4895.75
193.00	4950.61
194.00	4988.62
195.00	4917.37
196.00	4766.22
197.00	4773.24
198.00	4803.86
199.00	4906.14
200.00	4895.23
201.00	4900.10
202.00	4885.92
203.00	4824.87
204.00	4775.82
205.00	4755.22
206.00	4752.65
207.00	4706.72
208.00	4832.93
209.00	4949.16
210.00	4946.72
211.00	4949.95
212.00	4880.53
213.00	4893.83
214.00	4996.29
215.00	5092.40
216.00	5154.56
217.00	5264.94
218.00	5338.06
219.00	5350.98
220.00	5432.99
221.00	5380.10
222.00	5268.92
223.00	5120.39
224.00	4899.96
225.00	4787.33
226.00	4752.83
227.00	4843.08
228.00	5033.93
229.00	5149.79
230.00	5337.69
231.00	5486.17
232.00	5598.61
233.00	5679.59
234.00	5751.63
235.00	5728.27
236.00	5750.27
237.00	5793.90
238.00	5714.00
239.00	5681.28
240.00	5611.43
241.00	5559.29
242.00	5573.47
243.00	5657.07
244.00	5661.90
245.00	5880.92
246.00	5832.90
247.00	5836.59
248.00	5835.10
249.00	5816.84
250.00	5840.06
251.00	5900.26
252.00	5908.59
253.00	5895.01
254.00	5894.41
255.00	6009.04
256.00	6169.93
257.00	6261.78
258.00	6325.34
259.00	6370.10
260.00	6272.64
261.00	6200.31
262.00	6070.65
263.00	5950.91
264.00	5949.83
265.00	5947.63
266.00	6006.24
267.00	6072.29
268.00	6149.20
269.00	6076.03
270.00	6062.08
271.00	6108.70
272.00	6195.87
273.00	6308.40
274.00	6314.11
275.00	6170.49
276.00	6125.14
277.00	6024.16
278.00	5951.75
279.00	6058.94
280.00	6248.72
281.00	6452.95
282.00	6564.73
283.00	6656.44
284.00	6654.66
285.00	6603.35
286.00	6618.80
287.00	6596.10
288.00	6403.33
289.00	6328.90
290.00	6109.22
291.00	5949.17
292.00	5900.63
293.00	6019.62
294.00	6223.95
295.00	6349.64
296.00	6350.81
297.00	6295.43
298.00	6296.56
299.00	6354.79
300.00	6329.14
301.00	6356.47
302.00	6156.69
303.00	6228.26
304.00	6248.81
305.00	6239.12
306.00	6274.41
307.00	6165.63
308.00	6165.16
309.00	6143.67
310.00	6146.53
311.00	6343.09
312.00	6402.02
313.00	6221.80
314.00	6115.07
315.00	5851.90
316.00	5753.27
317.00	5854.01
318.00	5924.27
319.00	6087.31
320.00	6087.31
321.00	6224.00
322.00	6039.05
323.00	6011.43
324.00	5931.95
325.00	5954.84
326.00	5946.08
327.00	5912.10
328.00	5774.15
329.00	5483.27
330.00	5274.49
331.00	5074.28
332.00	4786.21
333.00	4723.76
334.00	4684.96
335.00	4732.14
336.00	5008.56
337.00	5349.58
338.00	5852.32
339.00	6415.03
340.00	6843.91
341.00	6878.79
342.00	6768.41
343.00	6395.89
344.00	6338.69
345.00	6414.75
346.00	6625.73
347.00	6834.69
348.00	6881.50
349.00	6776.08
350.00	6537.16
351.00	6163.89
352.00	6006.75
353.00	6029.55
354.00	6302.27
355.00	6497.14
356.00	6619.36
357.00	6714.81
358.00	6794.43
359.00	6741.68
360.00	6964.97
361.00	7008.03
362.00	7284.92
363.00	7245.64
364.00	7371.94
365.00	7332.48
366.00	7285.43
367.00	7229.59
368.00	7204.50
369.00	7131.00
370.00	6925.88
371.00	7015.47
372.00	6896.44
373.00	6757.03
374.00	6622.17
375.00	6428.80
376.00	6411.34
377.00	6451.64
378.00	6575.31
379.00	6790.88
380.00	6941.33
381.00	7028.07
382.00	7252.24
383.00	7298.26
384.00	7265.35
385.00	7132.97
386.00	7062.29
387.00	7227.01
388.00	7348.67
389.00	7508.72
390.00	7745.58
391.00	7866.82
392.00	7858.44
393.00	7944.39
394.00	8120.63
395.00	8146.14
396.00	8180.50
397.00	8208.63
398.00	8253.67
399.00	8257.36
400.00	8292.75
401.00	8122.03
402.00	8210.27
403.00	8223.33
404.00	8289.66
405.00	8332.54
406.00	8328.75
407.00	8381.83
408.00	8163.93
409.00	8054.39
410.00	8229.79
411.00	8291.35
412.00	8202.83
413.00	7885.73
414.00	7796.93
415.00	7690.49
416.00	7697.74
417.00	7858.21
418.00	7925.66
419.00	8118.99
420.00	8174.56
421.00	8276.93
422.00	8427.75
423.00	8490.34
424.00	8510.84
425.00	8548.53
426.00	8509.49
427.00	8362.31
428.00	8215.42
429.00	8336.05
430.00	8429.39
431.00	8416.85
432.00	8385.25
433.00	8391.24
434.00	8439.92
435.00	8534.67
436.00	8610.83
437.00	8658.91
438.00	8789.37
439.00	8825.08
440.00	8942.06
441.00	9178.41
442.00	9162.12
443.00	9120.46
444.00	9020.99
445.00	9003.48
446.00	8949.74
447.00	8855.70
448.00	8954.19
449.00	8810.01
450.00	8699.12
451.00	8659.00
452.00	8432.76
453.00	8237.94
454.00	8157.70
455.00	8159.95
456.00	8287.56
457.00	8462.72
458.00	8693.40
459.00	8750.14
460.00	8755.43
461.00	8858.27
462.00	8745.79
463.00	8730.01
464.00	8626.47
465.00	8603.34
466.00	8636.86
467.00	8744.99
468.00	8952.88
469.00	8834.45
470.00	9106.93
471.00	9177.38
472.00	9181.36
473.00	9132.21
474.00	9080.72
475.00	9305.55
476.00	9203.83
477.00	9325.68
478.00	9437.46
479.00	9311.77
480.00	9243.99
481.00	8975.16
482.00	8962.15
483.00	8826.07
484.00	8724.35
485.00	9120.46
486.00	9053.66
487.00	9095.04
488.00	9060.92
489.00	9026.42
490.00	9033.53
491.00	8920.58
492.00	8991.64
493.00	9075.61
494.00	9040.18
495.00	9106.56
496.00	9151.12
497.00	9262.30
498.00	9395.99
499.00	9330.97
500.00	9348.19
501.00	9298.76
502.00	9418.32
503.00	9467.89
504.00	9452.39
505.00	9573.45
506.00	9504.26
507.00	9496.16
508.00	9531.55
509.00	9446.87
510.00	9434.04
511.00	9447.62
512.00	9310.28
513.00	9401.56
514.00	9337.33
515.00	9334.62
516.00	9350.63
517.00	9261.87
518.00	9170.78
519.00	9163.71
520.00	9083.85
521.00	9423.14
522.00	9309.86
523.00	9308.64
524.00	9557.06
525.00	9551.49
526.00	9533.14
527.00	9230.89
528.00	9134.64
529.00	8895.39
530.00	8899.93
531.00	8986.77
532.00	9049.82
533.00	9152.71
534.00	9195.22
535.00	9188.99
536.00	9340.38
537.00	9089.56
538.00	9069.39
539.00	9264.40
540.00	9316.50
541.00	9287.71
542.00	9268.71
543.00	9317.53
544.00	9362.42
545.00	9259.44
546.00	9223.49
547.00	8984.66
548.00	9053.15
549.00	9009.05
550.00	9086.33
551.00	9068.31
552.00	9096.91
553.00	9200.97
554.00	9233.46
555.00	9315.80
556.00	9573.73
557.00	9613.98
558.00	9847.85
559.00	9922.70
560.00	9955.89
561.00	9896.53
562.00	9782.83
563.00	9528.88
564.00	9544.66
565.00	9477.20
566.00	9645.30
567.00	9753.90
568.00	9519.75
569.00	9658.45
570.00	9629.95
571.00	9899.53
572.00	10013.56
573.00	9993.71
574.00	9887.55
575.00	9936.88
576.00	9931.50
577.00	9985.76
578.00	9912.54
579.00	9992.64
580.00	9828.56
581.00	9865.78
582.00	9848.93
583.00	9842.14
584.00	9859.83
585.00	10049.18
586.00	10276.36
587.00	10396.52
588.00	10288.11
589.00	10402.18
590.00	10648.78
591.00	10720.31
592.00	10762.63
593.00	10832.61
594.00	10746.85
595.00	10626.17
596.00	10642.28
597.00	10817.07
598.00	10889.06
599.00	11143.95
600.00	11254.14
601.00	11219.31
602.00	11115.44
603.00	11159.81
604.00	11181.02
605.00	11361.57
606.00	11671.83
607.00	11325.71
608.00	11475.51
609.00	11581.67
610.00	11703.80
611.00	11809.36
612.00	11758.38
613.00	11863.66
614.00	12038.83
615.00	11988.04
616.00	11946.61
617.00	11980.50
618.00	12057.04
619.00	12134.23
620.00	12124.26
621.00	12268.20
622.00	12335.75
623.00	12352.79
624.00	12505.44
625.00	12285.94
626.00	12219.70
627.00	12292.03
628.00	12440.65
629.00	12437.70
630.00	12685.89
631.00	12692.63
632.00	12274.75
633.00	11873.68
634.00	11767.98
635.00	11211.35
636.00	10530.87
637.00	10447.96
638.00	10738.75
639.00	11103.64
640.00	11435.67
641.00	11777.67
642.00	11992.81
643.00	12163.44
644.00	12425.06
645.00	12744.87
646.00	12917.18
647.00	13130.64
648.00	13178.95
649.00	13220.42
650.00	13231.56
651.00	12959.73
652.00	12865.36
653.00	12750.72
654.00	13015.11
655.00	13524.83
656.00	13849.89
657.00	14057.73
658.00	14258.54
659.00	14239.16
660.00	14370.89
661.00	14426.31
662.00	14286.44
663.00	14238.70
664.00	14159.35
665.00	14223.67
666.00	14182.62
667.00	14257.98
668.00	13963.78
669.00	13648.09
670.00	13445.07
671.00	13497.31
672.00	13785.57
673.00	14169.70
674.00	14578.12
675.00	14877.76
676.00	14808.05
677.00	14713.54
678.00	14594.83
679.00	14446.25
680.00	14473.22
681.00	14596.84
682.00	14847.00
683.00	15117.99
684.00	15361.17
685.00	15550.57
686.00	15616.10
687.00	15667.31
688.00	15494.49
689.00	15253.41
690.00	15096.41
691.00	14925.17
692.00	15065.84
693.00	15276.35
694.00	15550.33
695.00	15747.78
696.00	15752.74
697.00	15658.65
698.00	15720.35
699.00	15888.63
700.00	15843.04
701.00	15988.01
702.00	16033.98
703.00	15616.57
704.00	15353.87
705.00	15139.99
706.00	15004.10
707.00	15216.52
708.00	15462.84
709.00	15769.17
710.00	15926.78
711.00	15970.93
712.00	15992.37
713.00	16019.89
714.00	15894.02
715.00	15640.02
716.00	15454.98
717.00	15215.40
718.00	15306.31
719.00	14948.63
720.00	15086.30
721.00	15070.48
722.00	14887.91
723.00	14829.59
724.00	14790.36
725.00	14742.75
726.00	14625.35
727.00	14754.69
728.00	15097.49
729.00	15006.02
730.00	15145.00
731.00	15165.50
732.00	15229.73
733.00	15297.55
734.00	15270.12
735.00	14970.39
736.00	14748.79
737.00	14375.48
738.00	14324.36
739.00	14415.83
740.00	14637.57
741.00	14856.97
742.00	15180.95
743.00	15099.54
744.00	15117.43
745.00	15370.11
746.00	15619.05
747.00	15688.05
748.00	15981.69
749.00	15953.61
750.00	16019.89
751.00	15808.63
752.00	15611.98
753.00	15676.72
754.00	15454.56
755.00	15523.74
756.00	15490.98
757.00	15489.29
758.00	15342.63
759.00	15239.56
760.00	15037.71
761.00	14999.51
762.00	15143.97
763.00	15357.47
764.00	15606.65
765.00	15825.63
766.00	15989.65
767.00	16123.53
768.00	16198.47
769.00	16012.03
770.00	15894.53
771.00	15869.02
772.00	15730.93
773.00	15887.28
774.00	15886.95
775.00	15901.27
776.00	15811.30
777.00	15796.42
778.00	16052.38
779.00	16104.66
780.00	16355.15
781.00	16402.10
782.00	16697.85
783.00	16586.91
784.00	16528.25
785.00	16108.50
786.00	15929.50
787.00	15799.08
788.00	15833.30
789.00	15868.13
790.00	15997.75
791.00	15953.14
792.00	16020.78
793.00	15882.97
794.00	15644.14
795.00	15669.09
796.00	15522.48
797.00	15678.31
798.00	15668.25
799.00	15786.21
800.00	15837.14
801.00	15870.94
802.00	15948.04
803.00	16003.13
804.00	16000.37
805.00	16226.89
806.00	16344.66
807.00	16071.80
808.00	15663.19
809.00	15153.19
810.00	14448.74
811.00	13920.52
812.00	13460.23
813.00	13259.37
814.00	13466.55
815.00	14108.75
816.00	14775.76
817.00	15233.47
818.00	15088.12
819.00	14696.60
820.00	14242.02
821.00	14077.90
822.00	14352.07
823.00	14700.81
824.00	14972.73
825.00	15178.14
826.00	15289.78
827.00	15394.59
828.00	15739.45
829.00	15873.14
830.00	15999.76
831.00	16035.95
832.00	15814.81
833.00	15708.88
834.00	15482.83
835.00	15664.13
836.00	15796.42
837.00	16001.03
838.00	16118.15
839.00	16103.31
840.00	16070.87
841.00	16213.12
842.00	16208.72
843.00	16094.37
844.00	15851.09
845.00	15506.70
846.00	15384.81
847.00	15331.49
848.00	15353.45
849.00	15450.02
850.00	15804.00
851.00	15871.55
852.00	16119.27
853.00	16244.39
854.00	16396.95
855.00	16383.84
856.00	16290.41
857.00	16171.23
858.00	16025.98
859.00	15936.15
860.00	15782.37
861.00	15845.80
862.00	15916.77
863.00	15990.73
864.00	15900.24
865.00	15574.72
866.00	15117.24
867.00	14582.05
868.00	14100.18
869.00	13808.97
870.00	13828.49
871.00	13808.97
872.00	14065.96
873.00	14384.89
874.00	14707.04
875.00	15049.69
876.00	15160.21
877.00	15196.86
878.00	15183.15
879.00	15279.53
880.00	15507.03
881.00	15686.69
882.00	15896.03
883.00	15785.42
884.00	15803.16
885.00	15530.06
886.00	15209.08
887.00	15100.72
888.00	14976.90
889.00	15006.49
890.00	15147.48
891.00	15389.16
892.00	15433.07
893.00	15607.49
894.00	15507.41
895.00	15537.93
896.00	15508.39
897.00	15443.60
898.00	15235.67
899.00	15186.33
900.00	15035.37
901.00	14875.93
902.00	14620.34
903.00	14281.67
904.00	14007.78
905.00	14012.74
906.00	14236.82
907.00	14371.12
908.00	14676.56
909.00	14777.91
910.00	15667.22
911.00	14782.54
912.00	14700.72
913.00	14654.28
914.00	14625.21
915.00	14624.70
916.00	14774.12
917.00	14745.14
918.00	14959.02
919.00	15093.51
920.00	15088.78
921.00	15356.16
922.00	15491.21
923.00	15442.39
924.00	15179.03
925.00	14958.04
926.00	14800.80
927.00	14630.08
928.00	14305.64
929.00	14165.53
930.00	14243.42
931.00	14307.13
932.00	14537.35
933.00	14794.67
934.00	14807.45
935.00	14725.67
936.00	14726.09
937.00	14737.89
938.00	14763.87
939.00	14612.15
940.00	14698.94
941.00	14565.43
942.00	14273.29
943.00	14323.05
944.00	14187.34
945.00	14073.08
946.00	14017.14
947.00	14010.77
948.00	13819.79
949.00	13887.76
950.00	13648.27
951.00	13631.79
952.00	13658.66
953.00	13467.26
954.00	13633.57
955.00	13897.16
956.00	13964.90
957.00	13974.26
958.00	14050.98
959.00	14234.30
960.00	14024.77
961.00	13911.72
962.00	13818.48
963.00	13956.01
964.00	13941.31
965.00	13873.10
966.00	13725.32
967.00	13821.43
968.00	13942.81
969.00	13970.38
970.00	14020.89
971.00	14364.80
972.00	14397.81
973.00	14232.10
974.00	13978.05
975.00	13951.70
976.00	13968.13
977.00	13915.94
978.00	13916.26
979.00	13899.93
980.00	13873.01
981.00	13884.20
982.00	14167.87
983.00	13866.69
984.00	13839.21
985.00	13856.63
986.00	13736.60
987.00	13720.03
988.00	13744.42
989.00	13883.59
990.00	13618.64
991.00	13643.36
992.00	13320.32
993.00	13287.55
994.00	13259.23
995.00	13399.15
996.00	13539.48
997.00	13629.59
998.00	13833.17
999.00	13754.44
1000.00	13773.68
1001.00	13796.24
1002.00	13655.01
1003.00	13622.62
1004.00	13590.46
1005.00	13702.67
1006.00	13624.16
1007.00	13685.30
1008.00	13536.49
1009.00	13560.60
1010.00	13374.66
1011.00	13462.29
1012.00	13395.49
1013.00	13454.71
1014.00	13284.97
1015.00	13398.72
1016.00	13451.71
1017.00	13532.32
1018.00	13701.64
1019.00	13660.54
1020.00	13667.23
1021.00	13449.61
1022.00	13353.69
1023.00	13221.41
1024.00	13026.30
1025.00	13089.77
1026.00	13188.31
1027.00	13319.90
1028.00	13277.77
1029.00	13334.22
1030.00	13292.65
1031.00	13356.97
1032.00	13572.25
1033.00	13472.59
1034.00	13510.13
1035.00	13449.56
1036.00	13502.64
1037.00	13508.50
1038.00	13429.29
1039.00	13397.93
1040.00	13252.07
1041.00	13219.35
1042.00	13149.50
1043.00	13051.25
1044.00	13047.92
1045.00	12973.96
1046.00	12986.46
1047.00	12841.77
1048.00	12677.93
1049.00	12725.77
1050.00	12646.34
1051.00	12801.65
1052.00	12749.88
1053.00	12810.88
1054.00	12844.95
1055.00	12811.44
1056.00	12757.14
1057.00	12649.33
1058.00	12439.57
1059.00	12178.13
1060.00	12035.69
1061.00	12107.78
1062.00	12093.74
1063.00	12203.04
1064.00	12230.98
1065.00	12181.32
1066.00	12159.88
1067.00	12129.36
1068.00	12161.33
1069.00	12159.46
1070.00	12328.87
1071.00	12453.05
1072.00	12621.01
1073.00	12663.00
1074.00	12464.38
1075.00	12352.97
1076.00	12127.16
1077.00	12034.94
1078.00	11972.96
1079.00	12006.25
1080.00	12034.66
1081.00	11975.96
1082.00	12027.31
1083.00	12051.14
1084.00	12061.90
1085.00	12142.61
1086.00	12161.10
1087.00	12134.60
1088.00	12012.14
1089.00	11824.85
1090.00	11871.20
1091.00	11781.84
1092.00	11725.19
1093.00	11760.96
1094.00	11735.96
1095.00	11812.12
1096.00	11808.10
1097.00	11735.26
1098.00	11707.83
1099.00	11651.84
1100.00	11490.16
1101.00	11363.96
1102.00	11247.35
1103.00	11173.53
1104.00	11204.57
1105.00	11237.61
1106.00	11310.26
1107.00	11304.13
1108.00	11383.57
1109.00	11469.28
1110.00	11471.11
1111.00	11590.01
1112.00	11450.37
1113.00	11477.61
1114.00	11441.19
1115.00	11301.60
1116.00	11141.61
1117.00	11039.51
1118.00	10890.56
1119.00	10746.90
1120.00	10687.64
1121.00	10713.24
1122.00	10714.27
1123.00	10835.88
1124.00	10779.48
1125.00	10831.44
1126.00	10777.28
1127.00	10721.67
1128.00	10685.86
1129.00	10651.40
1130.00	10505.54
1131.00	10498.15
1132.00	10333.47
1133.00	10249.86
1134.00	10125.44
1135.00	10133.16
1136.00	10161.90
1137.00	10301.17
1138.00	10384.30
1139.00	10394.55
1140.00	10451.01
1141.00	10504.32
1142.00	10529.09
1143.00	10509.47
1144.00	10519.30
1145.00	10490.23
1146.00	10485.04
1147.00	10503.86
1148.00	10379.53
1149.00	10389.26
1150.00	10393.01
1151.00	10371.48
1152.00	10354.48
1153.00	10341.05
1154.00	10325.23
1155.00	10175.34
1156.00	10127.97
1157.00	10109.48
1158.00	10055.36
1159.00	9951.72
1160.00	9949.24
1161.00	9930.10
1162.00	9928.51
1163.00	9892.60
1164.00	9892.98
1165.00	9867.89
1166.00	9930.52
1167.00	9917.51
1168.00	9992.36
1169.00	10089.58
1170.00	10032.75
1171.00	10042.16
1172.00	10028.63
1173.00	9935.06
1174.00	9921.62
1175.00	9920.08
1176.00	9908.75
1177.00	9803.71
1178.00	9726.75
1179.00	9612.58
1180.00	9602.80
1181.00	9661.17
1182.00	9669.13
1183.00	9790.09
1184.00	9804.04
1185.00	9875.70
1186.00	9904.63
1187.00	9949.38
1188.00	9970.40
1189.00	10027.60
1190.00	10010.61
1191.00	10038.28
1192.00	10068.00
1193.00	9973.54
1194.00	10032.94
1195.00	10063.79
1196.00	10116.68
1197.00	10095.99
1198.00	10107.88
1199.00	10142.15
1200.00	10191.91
1201.00	10192.10
1202.00	10280.15
1203.00	10237.27
1204.00	10355.37
1205.00	10327.75
1206.00	10377.79
1207.00	10302.48
1208.00	10395.72
1209.00	10347.84
1210.00	10318.91
1211.00	10323.78
1212.00	10254.40
1213.00	10299.29
1214.00	10350.13
1215.00	10241.20
1216.00	10311.51
1217.00	10280.71
1218.00	10254.68
1219.00	10256.74
1220.00	10233.52
1221.00	10138.59
1222.00	10007.01
1223.00	10011.27
1224.00	9938.52
1225.00	9851.03
1226.00	9782.60
1227.00	9800.99
1228.00	9809.93
1229.00	9815.79
1230.00	9837.51
1231.00	9864.33
1232.00	9963.10
1233.00	9939.79
1234.00	9957.39
1235.00	9875.98
1236.00	9895.88
1237.00	9869.66
1238.00	9723.52
1239.00	9640.53
1240.00	9583.79
1241.00	9417.24
1242.00	9230.84
1243.00	9032.83
1244.00	8710.68
1245.00	8357.82
1246.00	8176.15
1247.00	8085.90
1248.00	8042.83
1249.00	8067.08
1250.00	8113.00
1251.00	8201.99
1252.00	8398.22
1253.00	8619.54
1254.00	8886.45
1255.00	8975.58
1256.00	9043.36
1257.00	9136.23
1258.00	9172.47
1259.00	9143.49
1260.00	8967.58
1261.00	8981.24
1262.00	8969.49
1263.00	8913.46
1264.00	8853.36
1265.00	8811.84
1266.00	8785.43
1267.00	8851.06
1268.00	8941.45
1269.00	9054.27
1270.00	9046.97
1271.00	8979.09
1272.00	9015.70
1273.00	9099.72
1274.00	9078.56
1275.00	9100.00
1276.00	9043.74
1277.00	8922.92
1278.00	8732.77
1279.00	8631.29
1280.00	8520.21
1281.00	8368.49
1282.00	8466.05
1283.00	8485.10
1284.00	8519.41
1285.00	8571.28
1286.00	8696.59
1287.00	8753.79
1288.00	8760.58
1289.00	8801.63
1290.00	8851.77
1291.00	8855.00
1292.00	8878.35
1293.00	8852.66
1294.00	8802.19
1295.00	8770.31
1296.00	8711.10
1297.00	8766.24
1298.00	8691.72
1299.00	8693.26
1300.00	8661.15
1301.00	8638.78
1302.00	8682.69
1303.00	8643.88
1304.00	8649.96
1305.00	8668.31
1306.00	8645.33
1307.00	8649.17
1308.00	8587.99
1309.00	8625.20
1310.00	8605.73
1311.00	8654.79
1312.00	8663.82
1313.00	8715.41
1314.00	8665.88
1315.00	8650.01
1316.00	8660.92
1317.00	8628.43
1318.00	8628.06
1319.00	8601.38
1320.00	8574.08
1321.00	8573.38
1322.00	8563.79
1323.00	8524.93
1324.00	8503.17
1325.00	8532.28
1326.00	8497.92
1327.00	8461.65
1328.00	8447.18
1329.00	8388.15
1330.00	8422.23
1331.00	8405.10
1332.00	8517.40
1333.00	8472.51
1334.00	8546.61
1335.00	8645.24
1336.00	8592.34
1337.00	8641.54
1338.00	8682.26
1339.00	8668.41
1340.00	8668.27
1341.00	8648.00
1342.00	8636.39
1343.00	8617.06
1344.00	8657.69
1345.00	8669.44
1346.00	8624.13
1347.00	8619.07
1348.00	8632.69
1349.00	8538.23
1350.00	8575.96
1351.00	8522.69
1352.00	8559.81
1353.00	8460.76
1354.00	8528.16
1355.00	8514.59
1356.00	8513.28
1357.00	8507.47
1358.00	8531.11
1359.00	8484.02
1360.00	8536.21
1361.00	8558.40
1362.00	8570.43
1363.00	8580.12
1364.00	8573.29
1365.00	8468.15
1366.00	8480.93
1367.00	8394.85
1368.00	8392.88
1369.00	8418.20
1370.00	8406.31
1371.00	8401.73
1372.00	8387.87
1373.00	8379.63
1374.00	8395.64
1375.00	8427.15
1376.00	8401.17
1377.00	8451.39
1378.00	8379.77
1379.00	8406.97
1380.00	8327.39
1381.00	8335.30
1382.00	8328.05
1383.00	8327.91
1384.00	8407.67
1385.00	8419.23
1386.00	8543.84
1387.00	8587.24
1388.00	8624.50
1389.00	8664.57
1390.00	8628.53
1391.00	8638.40
1392.00	8534.34
1393.00	8454.44
1394.00	8373.88
1395.00	8319.86
1396.00	8301.79
1397.00	8340.87
1398.00	8314.89
1399.00	8355.43
1400.00	8374.90
1401.00	8349.67
1402.00	8238.45
1403.00	8171.37
1404.00	8077.28
1405.00	8047.37
1406.00	8089.45
1407.00	8133.92
1408.00	8218.32
1409.00	8229.93
1410.00	8229.18
1411.00	8259.28
1412.00	8226.51
1413.00	8223.71
1414.00	8219.91
1415.00	8178.11
1416.00	8173.10
1417.00	8094.13
1418.00	8007.30
1419.00	7905.91
1420.00	7809.53
1421.00	7813.88
1422.00	7814.39
1423.00	7869.58
1424.00	7814.44
1425.00	7857.41
1426.00	7906.24
1427.00	7939.57
1428.00	7987.27
1429.00	8022.37
1430.00	7997.14
1431.00	8100.55
1432.00	8120.25
1433.00	8146.80
1434.00	8143.71
1435.00	8129.90
1436.00	8104.15
1437.00	8020.08
1438.00	7975.38
1439.00	7949.26
1440.00	7939.10
1441.00	7987.55
1442.00	8028.60
1443.00	8035.15
1444.00	7995.27
1445.00	7995.69
1446.00	8027.29
1447.00	8065.86
1448.00	8039.18
1449.00	8040.11
1450.00	8070.26
1451.00	8051.77
1452.00	8020.13
1453.00	7958.43
1454.00	7924.54
1455.00	7849.50
1456.00	7825.72
1457.00	7767.21
1458.00	7812.24
1459.00	7921.54
1460.00	7812.43
1461.00	7838.08
1462.00	7814.77
1463.00	7743.33
1464.00	7678.88
1465.00	7652.52
1466.00	7650.46
1467.00	7610.21
1468.00	7638.53
1469.00	7600.98
1470.00	7643.82
1471.00	7642.08
1472.00	7620.50
1473.00	7542.66
1474.00	7485.64
1475.00	7464.95
1476.00	7462.05
1477.00	7464.48
1478.00	7462.47
1479.00	7440.75
1480.00	7364.64
1481.00	7302.19
1482.00	7316.84
1483.00	7340.06
1484.00	7336.08
1485.00	7350.45
1486.00	7359.39
1487.00	7378.30
1488.00	7409.29
1489.00	7402.60
1490.00	7376.99
1491.00	7368.71
1492.00	7362.81
1493.00	7231.97
1494.00	7075.72
1495.00	6873.45
1496.00	6661.45
1497.00	6498.73
1498.00	6484.69
1499.00	6524.99
1500.00	6628.96
1501.00	6776.04
1502.00	6892.55
1503.00	6911.79
1504.00	6901.26
1505.00	6916.66
1506.00	6919.56
1507.00	6877.43
1508.00	6874.62
1509.00	6826.45
1510.00	6817.47
1511.00	6794.90
1512.00	6781.33
1513.00	6832.49
1514.00	6887.73
1515.00	6942.97
1516.00	6982.61
1517.00	6970.63
1518.00	7013.79
1519.00	6983.55
1520.00	6925.83
1521.00	6856.51
1522.00	6812.27
1523.00	6767.71
1524.00	6801.92
1525.00	6821.58
1526.00	6920.96
1527.00	6961.55
1528.00	6960.57
1529.00	7042.02
1530.00	7035.28
1531.00	7040.38
1532.00	7040.14
1533.00	7040.75
1534.00	7020.62
1535.00	7002.70
1536.00	6992.26
1537.00	6964.40
1538.00	6954.01
1539.00	6982.71
1540.00	6998.62
1541.00	7021.61
1542.00	7059.10
1543.00	7092.01
1544.00	7071.79
1545.00	7116.73
1546.00	7108.58
1547.00	7139.34
1548.00	7108.39
1549.00	7079.23
1550.00	7033.40
1551.00	6985.05
1552.00	6959.96
1553.00	6968.99
1554.00	7043.33
1555.00	7056.20
1556.00	7079.00
1557.00	7109.99
1558.00	7093.98
1559.00	7161.81
1560.00	7171.35
1561.00	7141.21
1562.00	7200.94
1563.00	7204.82
1564.00	7187.93
1565.00	7135.73
1566.00	7134.84
1567.00	7163.82
1568.00	7170.98
1569.00	7156.56
1570.00	7158.25
1571.00	7178.19
1572.00	7088.92
1573.00	7067.58
1574.00	7044.64
1575.00	7065.00
1576.00	7006.77
1577.00	6985.84
1578.00	7006.21
1579.00	7005.79
1580.00	6987.20
1581.00	6990.48
1582.00	6992.40
1583.00	6996.61
1584.00	6949.94
1585.00	6945.59
1586.00	6921.95
1587.00	6879.72
1588.00	6860.67
1589.00	6925.41
1590.00	6922.37
1591.00	6897.79
1592.00	6907.25
1593.00	6889.37
1594.00	6887.40
1595.00	6961.64
1596.00	6918.34
1597.00	6991.04
1598.00	6946.57
1599.00	6880.61
1600.00	6919.47
1601.00	6885.01
1602.00	6835.82
1603.00	6838.16
1604.00	6833.94
1605.00	6825.89
1606.00	6881.46
1607.00	6899.01
1608.00	6857.07
1609.00	6860.30
1610.00	6858.42
1611.00	6825.94
1612.00	6807.54
1613.00	6794.67
1614.00	6761.39
1615.00	6738.73
1616.00	6743.93
1617.00	6680.73
1618.00	6679.14
1619.00	6616.51
1620.00	6532.48
1621.00	6562.53
1622.00	6506.55
1623.00	6527.24
1624.00	6449.39
1625.00	6504.49
1626.00	6446.63
1627.00	6394.02
1628.00	6332.32
1629.00	6307.60
1630.00	6280.73
1631.00	6282.09
1632.00	6288.69
1633.00	6291.64
1634.00	6256.81
1635.00	6276.94
1636.00	6293.47
1637.00	6287.57
1638.00	6357.08
1639.00	6314.53
1640.00	6281.95
1641.00	6202.33
1642.00	6176.81
1643.00	6062.36
1644.00	6113.99
1645.00	6121.86
1646.00	6207.76
1647.00	6350.48
1648.00	6428.14
1649.00	6534.40
1650.00	6563.75
1651.00	6608.46
1652.00	6555.61
1653.00	6590.25
1654.00	6538.85
1655.00	6409.65
1656.00	6296.84
1657.00	6182.99
1658.00	6131.92
1659.00	6075.75
1660.00	6139.97
1661.00	6230.08
1662.00	6288.13
1663.00	6389.43
1664.00	6450.33
1665.00	6526.82
1666.00	6523.92
1667.00	6528.78
1668.00	6487.73
1669.00	6468.35
1670.00	6471.91
1671.00	6462.64
1672.00	6494.57
1673.00	6485.11
1674.00	6484.41
1675.00	6418.12
1676.00	6382.73
1677.00	6308.73
1678.00	6266.92
1679.00	6209.86
1680.00	6183.04
1681.00	6154.63
1682.00	6115.54
1683.00	6090.92
1684.00	6006.24
1685.00	5917.58
1686.00	5845.72
1687.00	5632.92
1688.00	5424.99
1689.00	5212.28
1690.00	5085.28
1691.00	5098.72
1692.00	5221.31
1693.00	5369.80
1694.00	5531.43
1695.00	5727.99
1696.00	5815.53
1697.00	5916.36
1698.00	6013.54
1699.00	6072.43
1700.00	6153.83
1701.00	6178.03
1702.00	6209.86
1703.00	6251.01
1704.00	6299.69
1705.00	6258.78
1706.00	6241.88
1707.00	6238.46
1708.00	6235.42
1709.00	6243.89
1710.00	6209.35
1711.00	6207.62
1712.00	6215.57
1713.00	6208.08
1714.00	6219.08
1715.00	6257.14
1716.00	6271.09
1717.00	6261.96
1718.00	6265.19
1719.00	6304.05
1720.00	6274.65
1721.00	6247.17
1722.00	6215.57
1723.00	6268.10
1724.00	6239.35
1725.00	6233.41
1726.00	6257.84
1727.00	6268.98
1728.00	6277.50
1729.00	6284.67
1730.00	6274.88
1731.00	6296.23
1732.00	6277.78
1733.00	6222.92
1734.00	6189.55
1735.00	6263.23
1736.00	6182.20
1737.00	6151.68
1738.00	6117.93
1739.00	6101.45
1740.00	6089.89
1741.00	6048.08
1742.00	6085.53
1743.00	6073.97
1744.00	6055.62
1745.00	6064.52
1746.00	6045.04
1747.00	6056.28
1748.00	6021.78
1749.00	6055.06
1750.00	6067.79
1751.00	6091.29
1752.00	6088.15
1753.00	6076.55
1754.00	6071.07
1755.00	6067.14
1756.00	6034.32
1757.00	6055.57
1758.00	6011.90
1759.00	5965.46
1760.00	5947.21
1761.00	5930.45
1762.00	5905.36
1763.00	5949.41
1764.00	5937.47
1765.00	5918.70
1766.00	5921.60
1767.00	5948.14
1768.00	5887.43
1769.00	5871.19
1770.00	5835.19
1771.00	5860.65
1772.00	5868.14
1773.00	5826.62
1774.00	5907.00
1775.00	5918.09
1776.00	5879.61
1777.00	5877.04
1778.00	5862.06
1779.00	5907.04
1780.00	5843.29
1781.00	5856.68
1782.00	5825.31
1783.00	5808.46
1784.00	5789.41
1785.00	5774.38
1786.00	5789.32
1787.00	5752.43
1788.00	5735.53
1789.00	5760.25
1790.00	5741.61
1791.00	5728.65
1792.00	5735.48
1793.00	5716.20
1794.00	5695.27
1795.00	5675.33
1796.00	5658.53
1797.00	5644.86
1798.00	5632.12
1799.00	5589.67
1800.00	5572.68
1801.00	5515.33
1802.00	5563.03
1803.00	5594.72
1804.00	5527.46
1805.00	5544.31
1806.00	5545.99
1807.00	5562.47
1808.00	5555.64
1809.00	5515.10
1810.00	5534.57
1811.00	5558.82
1812.00	5502.60
1813.00	5538.18
1814.00	5488.32
1815.00	5448.30
1816.00	5439.97
1817.00	5427.66
1818.00	5405.05
1819.00	5409.96
1820.00	5389.50
1821.00	5386.51
1822.00	5387.68
1823.00	5370.50
1824.00	5380.99
1825.00	5354.82
1826.00	5369.05
1827.00	5375.18
1828.00	5387.45
1829.00	5378.64
1830.00	5379.72
1831.00	5261.24
1832.00	5345.97
1833.00	5317.23
1834.00	5298.04
1835.00	5274.87
1836.00	5254.50
1837.00	5175.16
1838.00	5236.95
1839.00	5254.60
1840.00	5246.54
1841.00	5223.05
1842.00	5235.64
1843.00	5230.77
1844.00	5158.82
1845.00	5156.43
1846.00	5142.53
1847.00	5091.46
1848.00	5078.07
1849.00	5082.71
1850.00	5039.88
1851.00	5057.90
1852.00	5058.69
1853.00	5052.75
1854.00	5036.22
1855.00	4993.77
1856.00	4978.41
1857.00	5002.66
1858.00	5002.94
1859.00	5007.67
1860.00	4986.23
1861.00	4925.99
1862.00	4942.32
1863.00	4890.74
1864.00	4941.99
1865.00	4900.15
1866.00	4893.17
1867.00	4855.96
1868.00	4876.23
1869.00	4887.23
1870.00	4830.87
1871.00	4856.05
1872.00	4839.53
1873.00	4819.35
1874.00	4802.59
1875.00	4802.08
1876.00	4800.11
1877.00	4774.88
1878.00	4744.41
1879.00	4741.88
1880.00	4721.14
1881.00	4703.03
1882.00	4683.69
1883.00	4685.80
1884.00	4636.51
1885.00	4652.24
1886.00	4607.25
1887.00	4572.42
1888.00	4521.68
1889.00	4499.49
1890.00	4502.58
1891.00	4541.58
1892.00	4518.08
1893.00	4493.78
1894.00	4525.38
1895.00	4512.13
1896.00	4489.99
1897.00	4471.36
1898.00	4451.79
1899.00	4423.80
1900.00	4439.25
1901.00	4416.08
1902.00	4371.65
1903.00	4379.75
1904.00	4324.00
1905.00	4153.23
1906.00	3926.34
1907.00	3572.36
1908.00	3215.24
1909.00	2966.16
1910.00	2738.52
1911.00	2597.25
1912.00	2537.80
1913.00	2584.05
1914.00	2697.61
1915.00	2838.65
1916.00	3043.82
1917.00	3211.45
1918.00	3340.60
1919.00	3405.57
1920.00	3383.71
1921.00	3357.45
1922.00	3276.89
1923.00	3208.17
1924.00	3149.57
1925.00	3119.65
1926.00	3106.22
1927.00	3132.39
1928.00	3112.73
1929.00	3172.41
1930.00	3220.30
1931.00	3255.08
1932.00	3259.66
1933.00	3293.93
1934.00	3334.28
1935.00	3327.35
1936.00	3401.13
1937.00	3395.79
1938.00	3413.30
1939.00	3442.55
1940.00	3483.37
1941.00	3474.62
1942.00	3457.11
1943.00	3485.39
1944.00	3486.27
1945.00	3478.46
1946.00	3490.86
1947.00	3489.46
1948.00	3451.45
1949.00	3457.11
1950.00	3432.54
1951.00	3417.79
1952.00	3387.74
1953.00	3354.74
1954.00	3354.69
1955.00	3319.72
1956.00	3315.60
1957.00	3294.21
1958.00	3268.32
1959.00	3255.40
1960.00	3230.83
1961.00	3165.71
1962.00	3171.71
1963.00	3149.99
1964.00	3172.64
1965.00	3188.61
1966.00	3170.91
1967.00	3179.52
1968.00	3192.77
1969.00	3207.47
1970.00	3191.98
1971.00	3172.88
1972.00	3182.89
1973.00	3170.44
1974.00	3205.88
1975.00	3182.66
1976.00	3169.60
1977.00	3184.86
1978.00	3206.91
1979.00	3240.38
1980.00	3244.54
1981.00	3271.88
1982.00	3278.81
1983.00	3305.07
1984.00	3315.46
1985.00	3325.29
1986.00	3279.04
1987.00	3285.55
1988.00	3263.69
1989.00	3204.01
1990.00	3177.32
1991.00	3141.65
1992.00	3113.15
1993.00	3097.70
1994.00	3097.61
1995.00	3086.84
1996.00	3039.70
1997.00	2969.34
1998.00	2952.49
1999.00	2945.05
2000.00	2895.48
2001.00	2894.17
2002.00	2896.23
2003.00	2943.69
2004.00	2912.28
2005.00	2887.00
2006.00	2875.96
2007.00	2882.00
2008.00	2853.86
2009.00	2815.24
2010.00	2800.54
2011.00	2775.50
2012.00	2795.16
2013.00	2806.12
2014.00	2819.46
2015.00	2775.83
2016.00	2776.44
2017.00	2769.18
2018.00	2755.70
2019.00	2751.81
2020.00	2734.26
2021.00	2732.76
2022.00	2725.98
2023.00	2723.40
2024.00	2705.66
2025.00	2704.54
2026.00	2647.19
2027.00	2647.85
2028.00	2666.62
2029.00	2703.93
2030.00	2720.83
2031.00	2763.33
2032.00	2745.78
2033.00	2750.50
2034.00	2760.99
2035.00	2705.38
2036.00	2692.74
2037.00	2668.30
2038.00	2687.82
2039.00	2663.95
2040.00	2683.05
2041.00	2684.31
2042.00	2685.20
2043.00	2653.47
2044.00	2651.55
2045.00	2633.15
2046.00	2615.64
2047.00	2579.93